# Chunk-averaged data for fix tprof and group all
# Timestep Number-of-chunks Total-count
# Chunk Coord1 Ncount temp
10000 20 19843
  1 6.5172 978.61 286.646
  2 19.5516 1014.58 295.495
  3 32.586 958.41 294.715
  4 45.6204 1014.11 294.031
  5 58.6548 963.25 301.483
  6 71.6892 1006.42 301.4
  7 84.7236 1015.83 301.256
  8 97.758 949.18 302.203
  9 110.792 1017.43 301.667
  10 123.827 981.95 307.187
  11 136.861 987.85 312.004
  12 149.896 1014.54 305.801
  13 162.93 958.47 296.676
  14 175.964 1014.44 298.404
  15 188.999 993.64 297.943
  16 202.033 975.36 296.997
  17 215.068 1019.2 299.309
  18 228.102 946.95 300.071
  19 241.136 1017.3 297.103
  20 254.171 1015.48 295.631
20000 20 19843
  1 6.5172 977.27 277.078
  2 19.5516 1014.76 282.99
  3 32.586 958.52 288.374
  4 45.6204 1013.84 295.87
  5 58.6548 966.21 296.07
  6 71.6892 1003.43 298.005
  7 84.7236 1015.91 303.01
  8 97.758 949 308.325
  9 110.792 1017.49 309.3
  10 123.827 979.9 315.507
  11 136.861 989.92 323.693
  12 149.896 1014.53 310.118
  13 162.93 958.57 302.017
  14 175.964 1014.4 304.659
  15 188.999 989.85 302.111
  16 202.033 979.09 298.131
  17 215.068 1019.06 300.217
  18 228.102 947.2 295.811
  19 241.136 1017.21 294.378
  20 254.171 1016.84 287.424
30000 20 19843
  1 6.5172 977.66 277.834
  2 19.5516 1014.63 284.106
  3 32.586 958.43 289.323
  4 45.6204 1014.01 294.074
  5 58.6548 966.69 293.113
  6 71.6892 1003.04 295.862
  7 84.7236 1016.09 300.2
  8 97.758 948.77 309.238
  9 110.792 1017.54 309.95
  10 123.827 981.04 315.09
  11 136.861 988.71 322.779
  12 149.896 1014.59 313.434
  13 162.93 958.51 308.893
  14 175.964 1014.35 307.17
  15 188.999 988.73 309.324
  16 202.033 980.38 306.231
  17 215.068 1018.95 299.375
  18 228.102 947.36 288.665
  19 241.136 1017.04 289.845
  20 254.171 1016.48 286.116
40000 20 19843
  1 6.5172 976.49 278.066
  2 19.5516 1014.73 283.317
  3 32.586 958.3 286.731
  4 45.6204 1014.05 294.789
  5 58.6548 969.54 297.349
  6 71.6892 1000.2 297.268
  7 84.7236 1015.96 305.803
  8 97.758 949.28 306.31
  9 110.792 1017.15 309.235
  10 123.827 979.21 317.325
  11 136.861 990.58 324.73
  12 149.896 1014.52 315.83
  13 162.93 958.62 308.194
  14 175.964 1014.21 307.488
  15 188.999 988.16 306.51
  16 202.033 980.85 301.992
  17 215.068 1019.04 296.27
  18 228.102 946.96 291.311
  19 241.136 1017.59 291.974
  20 254.171 1017.56 282.299
50000 20 19842.999999999996
  1 6.5172 981 271.362
  2 19.5516 1014.58 282.685
  3 32.586 958.54 288.956
  4 45.6204 1013.95 294.081
  5 58.6548 972.26 298.955
  6 71.6892 997.57 300.532
  7 84.7236 1016.28 304.094
  8 97.758 948.83 308.906
  9 110.792 1017.22 313.012
  10 123.827 981.83 319.064
  11 136.861 987.88 327.335
  12 149.896 1014.54 316.745
  13 162.93 958.56 310.744
  14 175.964 1014.31 307.27
  15 188.999 985.93 300.841
  16 202.033 983.06 302.167
  17 215.068 1018.93 298.02
  18 228.102 946.98 292.577
  19 241.136 1017.61 287.042
  20 254.171 1013.14 282.205
60000 20 19843.000000000004
  1 6.5172 979 276.034
  2 19.5516 1014.74 279.195
  3 32.586 958.27 287.602
  4 45.6204 1014.08 291.064
  5 58.6548 969.51 298.749
  6 71.6892 1000.18 300.052
  7 84.7236 1016.18 303.751
  8 97.758 948.93 306.874
  9 110.792 1017.3 308.487
  10 123.827 979.27 315.154
  11 136.861 990.5 327.818
  12 149.896 1014.52 323.132
  13 162.93 958.61 313.091
  14 175.964 1014.34 306.558
  15 188.999 988.38 304.332
  16 202.033 980.53 298.616
  17 215.068 1019.14 298.86
  18 228.102 947.02 294.666
  19 241.136 1017.42 284.83
  20 254.171 1015.08 281.626
70000 20 19843
  1 6.5172 978.84 271.245
  2 19.5516 1014.59 278.568
  3 32.586 958.61 288.352
  4 45.6204 1013.9 293.325
  5 58.6548 970.31 298.501
  6 71.6892 999.42 304.543
  7 84.7236 1016.29 305.786
  8 97.758 948.84 306.467
  9 110.792 1017.23 313.012
  10 123.827 977.93 313.827
  11 136.861 991.91 331.365
  12 149.896 1014.58 322.254
  13 162.93 958.43 306.981
  14 175.964 1014.34 307.94
  15 188.999 987.85 308.276
  16 202.033 981.17 298.644
  17 215.068 1019.09 299.587
  18 228.102 947.2 291.926
  19 241.136 1017.21 284.28
  20 254.171 1015.26 277.794
80000 20 19842.999999999993
  1 6.5172 979.22 275.396
  2 19.5516 1014.6 277.083
  3 32.586 958.24 291.168
  4 45.6204 1014.2 288.422
  5 58.6548 967.42 294.107
  6 71.6892 1002.33 304.47
  7 84.7236 1016.12 305.293
  8 97.758 949 306.276
  9 110.792 1017.26 314.767
  10 123.827 978.47 318.231
  11 136.861 991.32 325.364
  12 149.896 1014.74 320.49
  13 162.93 958.47 311.757
  14 175.964 1014.16 308.77
  15 188.999 989.12 305.82
  16 202.033 980.01 300.231
  17 215.068 1019.02 300.949
  18 228.102 947.51 291.309
  19 241.136 1016.94 285.718
  20 254.171 1014.85 281.125
90000 20 19843.000000000004
  1 6.5172 976.54 275.47
  2 19.5516 1014.49 281.89
  3 32.586 958.54 286.747
  4 45.6204 1014.07 294.439
  5 58.6548 968.6 294.157
  6 71.6892 1000.99 300.025
  7 84.7236 1016.37 299.732
  8 97.758 948.81 302.347
  9 110.792 1017.29 312.604
  10 123.827 977.48 319.433
  11 136.861 992.34 331.231
  12 149.896 1014.62 318.594
  13 162.93 958.46 316.877
  14 175.964 1014.23 310.628
  15 188.999 985.8 308.133
  16 202.033 983.2 301.841
  17 215.068 1019.23 297.903
  18 228.102 947.54 290.64
  19 241.136 1016.82 286.382
  20 254.171 1017.58 280.497
100000 20 19843
  1 6.5172 976.96 275.858
  2 19.5516 1014.6 280.26
  3 32.586 958.35 283.686
  4 45.6204 1014.11 290.447
  5 58.6548 968.44 293.209
  6 71.6892 1001.18 297.336
  7 84.7236 1016.38 307.249
  8 97.758 949.02 307.61
  9 110.792 1017.11 310.894
  10 123.827 977.65 319.279
  11 136.861 992.17 330.601
  12 149.896 1014.64 325.986
  13 162.93 958.42 316.677
  14 175.964 1014.33 310.387
  15 188.999 986.49 307.028
  16 202.033 982.49 300.703
  17 215.068 1019.22 296.108
  18 228.102 947.51 290.839
  19 241.136 1016.87 286.308
  20 254.171 1017.06 279.771
110000 20 19842.999999999996
  1 6.5172 974.77 275.274
  2 19.5516 1014.71 280.99
  3 32.586 958.32 285.271
  4 45.6204 1014.04 290.474
  5 58.6548 968.2 290.46
  6 71.6892 1001.41 297.131
  7 84.7236 1016.14 303.88
  8 97.758 948.96 309.645
  9 110.792 1017.43 310.834
  10 123.827 975.56 319.627
  11 136.861 994.23 331.992
  12 149.896 1014.56 325.447
  13 162.93 958.63 316.549
  14 175.964 1014.21 305.428
  15 188.999 986.88 304.807
  16 202.033 982.14 303.33
  17 215.068 1019.31 300.422
  18 228.102 947.8 292.432
  19 241.136 1016.47 286.547
  20 254.171 1019.23 282.178
120000 20 19843
  1 6.5172 976.11 270.427
  2 19.5516 1014.73 282.346
  3 32.586 958.23 284.156
  4 45.6204 1014.11 292.137
  5 58.6548 968.66 292.708
  6 71.6892 1001.09 299.242
  7 84.7236 1016.51 300.525
  8 97.758 948.56 309.135
  9 110.792 1017.29 311.637
  10 123.827 977.13 316.671
  11 136.861 992.69 325.079
  12 149.896 1014.61 324.872
  13 162.93 958.47 317.193
  14 175.964 1014.35 310.201
  15 188.999 986.08 307.013
  16 202.033 982.88 305.042
  17 215.068 1019.38 301.907
  18 228.102 947.28 295.451
  19 241.136 1016.85 285.542
  20 254.171 1017.99 280.859
130000 20 19842.999999999996
  1 6.5172 973.72 275.301
  2 19.5516 1014.76 276.886
  3 32.586 958.32 286.047
  4 45.6204 1014.03 288.352
  5 58.6548 967.28 291.341
  6 71.6892 1002.25 297.652
  7 84.7236 1016.26 301.402
  8 97.758 948.89 310.528
  9 110.792 1017.33 312.293
  10 123.827 975.3 315.372
  11 136.861 994.51 329.14
  12 149.896 1014.57 324.007
  13 162.93 958.56 316.342
  14 175.964 1014.35 312.926
  15 188.999 987.68 306.452
  16 202.033 981.29 299.561
  17 215.068 1019.37 299.304
  18 228.102 947.76 293.443
  19 241.136 1016.56 291.451
  20 254.171 1020.21 281.433
140000 20 19843
  1 6.5172 973.96 273.056
  2 19.5516 1014.67 273.371
  3 32.586 958.43 283.716
  4 45.6204 1014 286.525
  5 58.6548 969.13 292.19
  6 71.6892 1000.47 302.439
  7 84.7236 1016.57 306.291
  8 97.758 948.64 313.486
  9 110.792 1017.28 313.481
  10 123.827 976.06 315.879
  11 136.861 993.73 334.549
  12 149.896 1014.43 325.538
  13 162.93 958.49 315.247
  14 175.964 1014.42 312.622
  15 188.999 985.7 310.931
  16 202.033 983.42 298.091
  17 215.068 1019.32 296.13
  18 228.102 947.5 286.432
  19 241.136 1016.67 288.94
  20 254.171 1020.11 283.131
150000 20 19843
  1 6.5172 973.03 273.742
  2 19.5516 1014.67 280.222
  3 32.586 958.28 284.76
  4 45.6204 1014.19 288.977
  5 58.6548 966.78 292.308
  6 71.6892 1002.77 296.616
  7 84.7236 1016.29 303.791
  8 97.758 948.82 309.324
  9 110.792 1017.35 312.165
  10 123.827 975.11 319.935
  11 136.861 994.7 331.9
  12 149.896 1014.52 323.596
  13 162.93 958.56 319.288
  14 175.964 1014.34 310.586
  15 188.999 988.33 308.773
  16 202.033 980.77 298.819
  17 215.068 1019.37 293.956
  18 228.102 948.03 292.002
  19 241.136 1016.16 286.004
  20 254.171 1020.93 277.63
160000 20 19843.000000000004
  1 6.5172 969.38 271.772
  2 19.5516 1014.73 277.354
  3 32.586 958.44 282.145
  4 45.6204 1013.96 291.517
  5 58.6548 969.42 291.634
  6 71.6892 1000.17 302.895
  7 84.7236 1016.32 304.051
  8 97.758 948.75 305.565
  9 110.792 1017.31 314.728
  10 123.827 973.12 321.885
  11 136.861 996.76 328.498
  12 149.896 1014.4 321.439
  13 162.93 958.36 318.273
  14 175.964 1014.48 315.087
  15 188.999 986.89 306.515
  16 202.033 982.27 301.755
  17 215.068 1019.41 294.433
  18 228.102 947.61 293.854
  19 241.136 1016.72 285.392
  20 254.171 1024.5 280.487
170000 20 19843
  1 6.5172 968.2 268.868
  2 19.5516 1014.77 278.07
  3 32.586 958.35 285.881
  4 45.6204 1013.97 288.576
  5 58.6548 969.11 295.185
  6 71.6892 1000.45 298.466
  7 84.7236 1016.67 302.894
  8 97.758 948.44 310.121
  9 110.792 1017.36 319.024
  10 123.827 972.58 327.77
  11 136.861 997.25 332.572
  12 149.896 1014.42 322.501
  13 162.93 958.44 312.576
  14 175.964 1014.39 308.113
  15 188.999 986.06 304.337
  16 202.033 983.08 302.846
  17 215.068 1019.75 300.415
  18 228.102 947.76 292.145
  19 241.136 1016.22 286.346
  20 254.171 1025.73 278.179
180000 20 19843
  1 6.5172 967.66 268.821
  2 19.5516 1014.86 278.841
  3 32.586 958.39 280.893
  4 45.6204 1013.84 291.783
  5 58.6548 970.52 296.489
  6 71.6892 998.98 302.72
  7 84.7236 1016.69 303.361
  8 97.758 948.62 309.687
  9 110.792 1017.24 314.22
  10 123.827 971.94 322.757
  11 136.861 997.89 325.828
  12 149.896 1014.17 316.744
  13 162.93 958.47 314.226
  14 175.964 1014.57 310.812
  15 188.999 984.5 305.301
  16 202.033 984.69 304.787
  17 215.068 1019.45 300.586
  18 228.102 948.25 296.706
  19 241.136 1015.98 289.082
  20 254.171 1026.29 281.342
190000 20 19843
  1 6.5172 969.32 277.516
  2 19.5516 1014.81 277.121
  3 32.586 958.22 283.935
  4 45.6204 1014.06 291.793
  5 58.6548 970.32 297.726
  6 71.6892 999.27 301.68
  7 84.7236 1016.4 304.534
  8 97.758 948.67 310.314
  9 110.792 1017.42 314.622
  10 123.827 974.22 319.809
  11 136.861 995.57 327.874
  12 149.896 1014.4 323.582
  13 162.93 958.51 316.953
  14 175.964 1014.34 309.441
  15 188.999 984.32 304.809
  16 202.033 984.69 297.143
  17 215.068 1019.7 294.044
  18 228.102 948.26 295.139
  19 241.136 1015.83 287.362
  20 254.171 1024.67 285.248
200000 20 19843
  1 6.5172 966.8 273.556
  2 19.5516 1014.84 280.536
  3 32.586 958.49 292.427
  4 45.6204 1013.75 292.347
  5 58.6548 968.34 292.123
  6 71.6892 1001.28 302.136
  7 84.7236 1016.15 303.205
  8 97.758 948.94 310.971
  9 110.792 1017.33 314.755
  10 123.827 971.82 321.516
  11 136.861 998.04 326.732
  12 149.896 1014.29 321.962
  13 162.93 958.37 318.32
  14 175.964 1014.56 310.271
  15 188.999 985.79 303.45
  16 202.033 983.41 296.428
  17 215.068 1019.68 296.551
  18 228.102 948.34 293.142
  19 241.136 1015.59 289.069
  20 254.171 1027.19 281.448
210000 20 19843.000000000004
  1 6.5172 969.63 269.49
  2 19.5516 1014.7 280.745
  3 32.586 958.53 291.227
  4 45.6204 1013.85 295.59
  5 58.6548 968.78 299.32
  6 71.6892 1000.91 301.729
  7 84.7236 1016.33 302.419
  8 97.758 948.71 310.003
  9 110.792 1017.37 313.845
  10 123.827 973.96 322.197
  11 136.861 995.81 327.203
  12 149.896 1014.46 318.594
  13 162.93 958.46 313.124
  14 175.964 1014.37 312.989
  15 188.999 985.5 305.546
  16 202.033 983.56 301.646
  17 215.068 1019.57 298.401
  18 228.102 948.15 292.974
  19 241.136 1016.04 286.294
  20 254.171 1024.31 276.744
220000 20 19843
  1 6.5172 970.51 271.446
  2 19.5516 1014.61 275.228
  3 32.586 958.59 288.7
  4 45.6204 1013.89 294.227
  5 58.6548 966.66 298.663
  6 71.6892 1003 304.573
  7 84.7236 1016.29 306.421
  8 97.758 948.83 309.481
  9 110.792 1017.29 311.425
  10 123.827 974.22 319.527
  11 136.861 995.54 326.772
  12 149.896 1014.51 324.136
  13 162.93 958.48 313.843
  14 175.964 1014.43 309.506
  15 188.999 987.3 305.828
  16 202.033 981.74 299.326
  17 215.068 1019.56 299.816
  18 228.102 948.46 294.296
  19 241.136 1015.63 288.692
  20 254.171 1023.46 282.371
230000 20 19842.999999999996
  1 6.5172 972.22 272.62
  2 19.5516 1014.8 278.088
  3 32.586 958.22 289.998
  4 45.6204 1014.1 292.199
  5 58.6548 968.8 296.183
  6 71.6892 1000.98 303.42
  7 84.7236 1016.48 304.228
  8 97.758 948.62 307.614
  9 110.792 1017.12 313.925
  10 123.827 975.25 319.68
  11 136.861 994.58 328.335
  12 149.896 1014.53 323.924
  13 162.93 958.37 315.292
  14 175.964 1014.4 312.342
  15 188.999 984.87 306.974
  16 202.033 984.18 302.792
  17 215.068 1019.43 298.759
  18 228.102 948.01 295.68
  19 241.136 1016.37 286.665
  20 254.171 1021.67 278.504
240000 20 19842.999999999996
  1 6.5172 972.83 276.639
  2 19.5516 1014.44 279.654
  3 32.586 958.51 284.987
  4 45.6204 1014.12 291.051
  5 58.6548 966.65 291.409
  6 71.6892 1003.22 298.724
  7 84.7236 1016.38 304.64
  8 97.758 948.79 307.938
  9 110.792 1017.11 314.308
  10 123.827 976.19 316.453
  11 136.861 993.59 333.845
  12 149.896 1014.48 324.982
  13 162.93 958.47 320.078
  14 175.964 1014.32 309.557
  15 188.999 986.99 309.252
  16 202.033 982.16 300.239
  17 215.068 1019.54 297.791
  18 228.102 947.86 292.856
  19 241.136 1016.28 288.193
  20 254.171 1021.07 286.565
250000 20 19843.000000000004
  1 6.5172 974.79 272.652
  2 19.5516 1014.55 281.571
  3 32.586 958.29 287.239
  4 45.6204 1014.25 289.804
  5 58.6548 966.78 296
  6 71.6892 1003 302.502
  7 84.7236 1016.38 306.435
  8 97.758 948.76 308.017
  9 110.792 1017.22 310.949
  10 123.827 976.05 316.783
  11 136.861 993.67 326.046
  12 149.896 1014.59 323.232
  13 162.93 958.43 313.99
  14 175.964 1014.21 310.58
  15 188.999 986.59 308.911
  16 202.033 982.62 300.427
  17 215.068 1019.52 298.719
  18 228.102 948 293.926
  19 241.136 1016.15 294.173
  20 254.171 1019.15 284.784
260000 20 19843
  1 6.5172 974.19 276.622
  2 19.5516 1014.38 281.497
  3 32.586 958.4 287.726
  4 45.6204 1014.29 292.714
  5 58.6548 966.98 297.215
  6 71.6892 1002.9 303.273
  7 84.7236 1016.48 304.272
  8 97.758 948.51 308.96
  9 110.792 1017.25 316.185
  10 123.827 976.51 317.179
  11 136.861 993.24 326.233
  12 149.896 1014.51 324.151
  13 162.93 958.57 313.755
  14 175.964 1014.27 308.599
  15 188.999 986.59 302.905
  16 202.033 982.5 297.538
  17 215.068 1019.43 296.866
  18 228.102 948.08 296.521
  19 241.136 1016.1 292.175
  20 254.171 1019.82 284.009
270000 20 19843
  1 6.5172 972.12 272.998
  2 19.5516 1014.61 280.562
  3 32.586 958.33 289.958
  4 45.6204 1014.17 296.922
  5 58.6548 965.02 296.954
  6 71.6892 1004.77 302.989
  7 84.7236 1016.39 307.175
  8 97.758 948.81 310.518
  9 110.792 1017.12 313.023
  10 123.827 974.71 317.966
  11 136.861 995.07 327.277
  12 149.896 1014.47 324.585
  13 162.93 958.54 314.91
  14 175.964 1014.34 311.283
  15 188.999 987.06 305.097
  16 202.033 982 298.872
  17 215.068 1019.34 295.158
  18 228.102 947.94 294.171
  19 241.136 1016.31 287.078
  20 254.171 1021.88 278.852
280000 20 19843.000000000004
  1 6.5172 973.06 271.675
  2 19.5516 1014.46 277.11
  3 32.586 958.43 285.883
  4 45.6204 1014.23 295.049
  5 58.6548 966.84 303.471
  6 71.6892 1002.92 303.32
  7 84.7236 1016.73 304.393
  8 97.758 948.28 308.021
  9 110.792 1017.38 317.408
  10 123.827 975.92 321.72
  11 136.861 993.76 325.15
  12 149.896 1014.55 322.592
  13 162.93 958.37 318.688
  14 175.964 1014.41 311.826
  15 188.999 985.04 308.12
  16 202.033 984.02 303.661
  17 215.068 1019.5 298.235
  18 228.102 948.19 291.99
  19 241.136 1016.08 283.86
  20 254.171 1020.83 281.884
290000 20 19843
  1 6.5172 971.58 272.596
  2 19.5516 1014.54 282.176
  3 32.586 958.45 286.319
  4 45.6204 1014.12 293.911
  5 58.6548 965.68 295.54
  6 71.6892 1004.1 303.473
  7 84.7236 1016.57 305.852
  8 97.758 948.28 309.675
  9 110.792 1017.66 314.467
  10 123.827 973.65 320.217
  11 136.861 995.86 332.484
  12 149.896 1014.51 322.984
  13 162.93 958.63 315.419
  14 175.964 1014.16 311.052
  15 188.999 986.43 306.482
  16 202.033 982.77 305.394
  17 215.068 1019.5 299.611
  18 228.102 948.25 291.067
  19 241.136 1015.93 287.947
  20 254.171 1022.33 277.145
300000 20 19843.000000000007
  1 6.5172 972.5 273.714
  2 19.5516 1014.61 280.731
  3 32.586 958.48 288.917
  4 45.6204 1013.95 298.051
  5 58.6548 968.8 298.68
  6 71.6892 1001.16 304.879
  7 84.7236 1016.97 305.575
  8 97.758 948.16 309.389
  9 110.792 1017.18 312.798
  10 123.827 972.85 317.671
  11 136.861 996.79 326.907
  12 149.896 1014.54 320.444
  13 162.93 958.43 315.378
  14 175.964 1014.32 310.649
  15 188.999 984.2 309.563
  16 202.033 984.87 301.503
  17 215.068 1019.37 297.697
  18 228.102 948.11 294.663
  19 241.136 1016.24 289.87
  20 254.171 1021.47 281.561
310000 20 19843
  1 6.5172 971.7 273.292
  2 19.5516 1014.81 279.811
  3 32.586 958.2 290.608
  4 45.6204 1014.09 294.665
  5 58.6548 968.66 297.088
  6 71.6892 1001.15 301.767
  7 84.7236 1016.82 309.024
  8 97.758 948.27 310.613
  9 110.792 1017.32 312.879
  10 123.827 971.45 320.884
  11 136.861 998.18 331.944
  12 149.896 1014.44 320.713
  13 162.93 958.41 312.323
  14 175.964 1014.32 311.565
  15 188.999 985.18 305.104
  16 202.033 984.01 298.534
  17 215.068 1019.45 300.361
  18 228.102 948.16 295.025
  19 241.136 1016.08 286.385
  20 254.171 1022.3 281.531
320000 20 19843
  1 6.5172 973.46 279.81
  2 19.5516 1014.8 282.732
  3 32.586 958.45 285.684
  4 45.6204 1013.83 292.073
  5 58.6548 970.49 292.19
  6 71.6892 999.44 305.076
  7 84.7236 1016.84 306.751
  8 97.758 948.36 310.411
  9 110.792 1017.11 315.069
  10 123.827 971.87 322.212
  11 136.861 997.76 330.383
  12 149.896 1014.48 320.742
  13 162.93 958.38 314.785
  14 175.964 1014.43 312.117
  15 188.999 984.26 304.29
  16 202.033 984.91 301.207
  17 215.068 1019.25 296.519
  18 228.102 947.88 291.884
  19 241.136 1016.51 286.89
  20 254.171 1020.49 285.077
330000 20 19843.000000000004
  1 6.5172 970.6 273.493
  2 19.5516 1014.92 282.639
  3 32.586 958.23 291.271
  4 45.6204 1013.94 294.734
  5 58.6548 970.66 298.635
  6 71.6892 999.3 295.119
  7 84.7236 1016.96 305.665
  8 97.758 948.18 310.928
  9 110.792 1017.11 316.561
  10 123.827 970.94 320.905
  11 136.861 998.69 325.229
  12 149.896 1014.51 319.309
  13 162.93 958.37 314.555
  14 175.964 1014.39 312.514
  15 188.999 981.09 306.797
  16 202.033 988.12 305.744
  17 215.068 1019.9 300.491
  18 228.102 947.8 295.476
  19 241.136 1015.95 290.777
  20 254.171 1023.34 281.862
340000 20 19843
  1 6.5172 971.21 276.205
  2 19.5516 1014.69 285.821
  3 32.586 958.43 294.458
  4 45.6204 1013.94 294.313
  5 58.6548 968.73 296.817
  6 71.6892 1001.18 301.212
  7 84.7236 1016.75 304.908
  8 97.758 948.3 306.169
  9 110.792 1017.28 315.563
  10 123.827 971.51 319.992
  11 136.861 998.08 324.543
  12 149.896 1014.4 322.457
  13 162.93 958.61 315.943
  14 175.964 1014.39 311.013
  15 188.999 984.32 307.352
  16 202.033 984.8 299.327
  17 215.068 1019.6 294.544
  18 228.102 948.61 293.01
  19 241.136 1015.47 289.851
  20 254.171 1022.7 286.393
350000 20 19843.000000000004
  1 6.5172 973.45 274.026
  2 19.5516 1014.55 284.388
  3 32.586 958.4 291.213
  4 45.6204 1014.14 295.589
  5 58.6548 969 294.887
  6 71.6892 1000.92 301.56
  7 84.7236 1016.77 306.042
  8 97.758 947.6 309.88
  9 110.792 1017.88 314.731
  10 123.827 972.59 316.827
  11 136.861 997.09 325.322
  12 149.896 1014.48 322.215
  13 162.93 958.53 312.137
  14 175.964 1014.26 310.348
  15 188.999 985.51 309.315
  16 202.033 983.61 303.745
  17 215.068 1019.72 298.258
  18 228.102 948.74 297.667
  19 241.136 1015.4 291.897
  20 254.171 1020.36 281.735
360000 20 19842.999999999996
  1 6.5172 973.47 272.734
  2 19.5516 1014.57 282.216
  3 32.586 958.38 288.149
  4 45.6204 1014.12 292.23
  5 58.6548 968.96 297.917
  6 71.6892 1000.91 302.212
  7 84.7236 1016.85 308.109
  8 97.758 947.42 311.668
  9 110.792 1018.13 313.27
  10 123.827 971.79 313.967
  11 136.861 997.83 326.999
  12 149.896 1014.39 323.233
  13 162.93 958.67 312.809
  14 175.964 1014.24 308.536
  15 188.999 985.4 306.331
  16 202.033 983.76 309.243
  17 215.068 1019.67 305.828
  18 228.102 949.06 295.017
  19 241.136 1014.94 287.821
  20 254.171 1020.44 287.09
370000 20 19843.000000000004
  1 6.5172 975.28 271.249
  2 19.5516 1014.58 278.842
  3 32.586 958.41 292.519
  4 45.6204 1014.09 296.97
  5 58.6548 968.62 298.055
  6 71.6892 1001.36 304.931
  7 84.7236 1017.06 302.932
  8 97.758 947.65 309.554
  9 110.792 1017.6 313.394
  10 123.827 973.08 317.427
  11 136.861 996.51 326.297
  12 149.896 1014.47 326.597
  13 162.93 958.46 324.531
  14 175.964 1014.28 313.345
  15 188.999 985.46 305.914
  16 202.033 983.74 302.765
  17 215.068 1019.55 301.335
  18 228.102 948.61 295.127
  19 241.136 1015.56 285.148
  20 254.171 1018.63 279.198
380000 20 19843.000000000004
  1 6.5172 973.03 272.335
  2 19.5516 1014.66 277.755
  3 32.586 958.14 287.598
  4 45.6204 1014.27 292.343
  5 58.6548 967.97 297.681
  6 71.6892 1002.07 300.018
  7 84.7236 1016.74 304.673
  8 97.758 947.7 310.876
  9 110.792 1017.82 316.346
  10 123.827 972.35 326.725
  11 136.861 997.17 328.985
  12 149.896 1014.37 325.159
  13 162.93 958.64 314.073
  14 175.964 1014.37 313.283
  15 188.999 984.75 310.468
  16 202.033 984.38 301.261
  17 215.068 1019.58 297.55
  18 228.102 949 293.286
  19 241.136 1015.11 289.757
  20 254.171 1020.88 285.221
390000 20 19842.999999999996
  1 6.5172 977.68 276.214
  2 19.5516 1014.16 281.394
  3 32.586 958.68 290.536
  4 45.6204 1014.24 289.878
  5 58.6548 965.76 292.37
  6 71.6892 1004.15 301.392
  7 84.7236 1016.86 307.531
  8 97.758 947.51 309.478
  9 110.792 1018.23 319.193
  10 123.827 976.64 323.355
  11 136.861 992.73 328.233
  12 149.896 1014.55 315.737
  13 162.93 958.46 312.207
  14 175.964 1014.32 310.637
  15 188.999 986.12 309.918
  16 202.033 982.99 307.387
  17 215.068 1019.64 302.082
  18 228.102 948.3 296.109
  19 241.136 1015.69 288.994
  20 254.171 1016.29 284.027
400000 20 19842.999999999996
  1 6.5172 974.47 278.61
  2 19.5516 1014.39 280.178
  3 32.586 958.6 290.189
  4 45.6204 1014.09 295.13
  5 58.6548 965.55 298.258
  6 71.6892 1004.32 304.579
  7 84.7236 1016.8 303.511
  8 97.758 947.46 311.623
  9 110.792 1018.12 314.257
  10 123.827 974.8 319.219
  11 136.861 994.81 324.826
  12 149.896 1014.41 320.033
  13 162.93 958.51 314.203
  14 175.964 1014.36 311.56
  15 188.999 986.04 307.884
  16 202.033 983.15 306.161
  17 215.068 1019.78 303.581
  18 228.102 948.94 296.523
  19 241.136 1014.96 285.497
  20 254.171 1019.44 283.224
410000 20 19843.000000000004
  1 6.5172 977.09 276.008
  2 19.5516 1014.24 286.12
  3 32.586 958.5 285.191
  4 45.6204 1014.32 295.017
  5 58.6548 965.1 298.763
  6 71.6892 1004.87 302.061
  7 84.7236 1016.72 310.629
  8 97.758 947.53 310.943
  9 110.792 1018.31 313.704
  10 123.827 977.01 318.417
  11 136.861 992.35 326.003
  12 149.896 1014.49 322.311
  13 162.93 958.58 309.395
  14 175.964 1014.29 311.91
  15 188.999 986.06 307.92
  16 202.033 983 303.594
  17 215.068 1019.62 300.883
  18 228.102 948.86 297.21
  19 241.136 1015.2 288.457
  20 254.171 1016.86 281.919
420000 20 19842.999999999996
  1 6.5172 975.68 274.473
  2 19.5516 1014.58 281.32
  3 32.586 958.26 284.912
  4 45.6204 1014.18 294.031
  5 58.6548 964.68 297.617
  6 71.6892 1005.15 306.462
  7 84.7236 1016.9 307.605
  8 97.758 947.47 316.607
  9 110.792 1018.36 322.247
  10 123.827 973.63 327.769
  11 136.861 995.76 335.47
  12 149.896 1014.56 322.626
  13 162.93 958.44 313.21
  14 175.964 1014.35 307.029
  15 188.999 986.95 304.047
  16 202.033 982.22 299.664
  17 215.068 1019.61 295.403
  18 228.102 949.01 293.459
  19 241.136 1014.94 289.254
  20 254.171 1018.27 282.706
430000 20 19843
  1 6.5172 974.6 269.945
  2 19.5516 1014.38 278.444
  3 32.586 958.55 289.447
  4 45.6204 1014.13 293.019
  5 58.6548 965.84 296.605
  6 71.6892 1004.07 307.952
  7 84.7236 1016.69 312.725
  8 97.758 947.51 318.903
  9 110.792 1018.38 321.741
  10 123.827 973.25 324.5
  11 136.861 996.16 333
  12 149.896 1014.47 326.986
  13 162.93 958.48 316.677
  14 175.964 1014.4 311.541
  15 188.999 986.42 310.071
  16 202.033 982.7 299.295
  17 215.068 1019.52 293.581
  18 228.102 949.32 290.884
  19 241.136 1014.82 284.484
  20 254.171 1019.31 280.398
440000 20 19843.000000000004
  1 6.5172 978.88 269.926
  2 19.5516 1014.51 281.483
  3 32.586 958.48 292.631
  4 45.6204 1014.09 295.281
  5 58.6548 965.67 300.414
  6 71.6892 1004.25 305.552
  7 84.7236 1016.59 309.11
  8 97.758 947.71 309.909
  9 110.792 1018.2 317.254
  10 123.827 975.28 321.401
  11 136.861 994.15 331.136
  12 149.896 1014.58 325.293
  13 162.93 958.51 320.009
  14 175.964 1014.27 311.822
  15 188.999 986.71 309.766
  16 202.033 982.45 300.039
  17 215.068 1019.47 299.008
  18 228.102 948.77 293.778
  19 241.136 1015.34 288.271
  20 254.171 1015.09 280.301
450000 20 19843
  1 6.5172 975.49 271.721
  2 19.5516 1014.57 280.985
  3 32.586 958.61 287.978
  4 45.6204 1013.86 291.542
  5 58.6548 965.14 295.373
  6 71.6892 1004.75 303.267
  7 84.7236 1016.73 306.189
  8 97.758 947.48 310.91
  9 110.792 1018.32 315.657
  10 123.827 973.28 321.688
  11 136.861 996.22 335.472
  12 149.896 1014.6 322.882
  13 162.93 958.43 314.701
  14 175.964 1014.38 309.579
  15 188.999 986.57 308.675
  16 202.033 982.48 303.242
  17 215.068 1019.72 304.059
  18 228.102 949.4 297.208
  19 241.136 1014.48 291.64
  20 254.171 1018.49 284.229
460000 20 19843.000000000004
  1 6.5172 977.83 276.309
  2 19.5516 1014.57 280.245
  3 32.586 958.35 288.993
  4 45.6204 1014.1 292.41
  5 58.6548 966.2 296.009
  6 71.6892 1003.77 301.116
  7 84.7236 1016.66 302.857
  8 97.758 947.54 308.533
  9 110.792 1018.35 315.654
  10 123.827 975.32 319.013
  11 136.861 994.07 333.568
  12 149.896 1014.65 322.116
  13 162.93 958.42 311.177
  14 175.964 1014.28 312.577
  15 188.999 985.69 314.052
  16 202.033 983.38 304.718
  17 215.068 1019.75 299.552
  18 228.102 948.99 299.589
  19 241.136 1014.86 294.567
  20 254.171 1016.22 289.346
470000 20 19843
  1 6.5172 973.95 278.647
  2 19.5516 1014.41 285.567
  3 32.586 958.47 287.828
  4 45.6204 1014.18 293.821
  5 58.6548 964.37 295.999
  6 71.6892 1005.55 301.91
  7 84.7236 1016.51 305.984
  8 97.758 947.57 308.943
  9 110.792 1018.38 313.745
  10 123.827 973.44 314.865
  11 136.861 996.07 332.382
  12 149.896 1014.46 327.545
  13 162.93 958.59 314.338
  14 175.964 1014.23 314.461
  15 188.999 986.29 308.157
  16 202.033 982.86 303.953
  17 215.068 1019.79 301.078
  18 228.102 949.12 291.911
  19 241.136 1014.78 289.167
  20 254.171 1019.98 286.28
480000 20 19842.999999999996
  1 6.5172 975.23 277.586
  2 19.5516 1014.33 283.026
  3 32.586 958.64 291.606
  4 45.6204 1014.08 296.469
  5 58.6548 964.65 296.418
  6 71.6892 1005.24 304.753
  7 84.7236 1016.57 306.361
  8 97.758 947.8 309.707
  9 110.792 1018.24 313.403
  10 123.827 974.17 315.376
  11 136.861 995.26 331.181
  12 149.896 1014.5 327.538
  13 162.93 958.39 317.735
  14 175.964 1014.43 314.099
  15 188.999 985.3 309.211
  16 202.033 983.79 302.911
  17 215.068 1019.62 294.68
  18 228.102 949.34 295.389
  19 241.136 1014.76 290.881
  20 254.171 1018.66 282.99
490000 20 19843
  1 6.5172 973.92 271.85
  2 19.5516 1014.53 282.161
  3 32.586 958.38 290.425
  4 45.6204 1014.14 294.547
  5 58.6548 964.65 290.567
  6 71.6892 1005.25 300.577
  7 84.7236 1016.13 306.783
  8 97.758 948.11 309.915
  9 110.792 1018.19 313.099
  10 123.827 971.63 322.311
  11 136.861 997.94 326.718
  12 149.896 1014.49 322.823
  13 162.93 958.45 316.001
  14 175.964 1014.36 315.794
  15 188.999 988.09 312.579
  16 202.033 981.13 302.933
  17 215.068 1019.71 304.681
  18 228.102 949.11 294.849
  19 241.136 1014.77 294.506
  20 254.171 1020.02 287.468
500000 20 19843
  1 6.5172 972.9 277.156
  2 19.5516 1014.44 283.539
  3 32.586 958.41 290.135
  4 45.6204 1014.2 297.609
  5 58.6548 965.38 297.224
  6 71.6892 1004.51 296.133
  7 84.7236 1016.26 302.634
  8 97.758 947.91 310.974
  9 110.792 1018.25 317.998
  10 123.827 971.33 323.766
  11 136.861 998.27 327.705
  12 149.896 1014.52 323.63
  13 162.93 958.37 322.015
  14 175.964 1014.48 314.333
  15 188.999 986.2 310.429
  16 202.033 982.89 304.455
  17 215.068 1019.64 300.332
  18 228.102 949.1 293.401
  19 241.136 1015 287.549
  20 254.171 1020.94 280.035
