# Chunk-averaged data for fix tprof and group all
# Timestep Number-of-chunks Total-count
# Chunk Coord1 Ncount temp
10000 20 19843.000000000004
  1 6.5172 1000.39 286.052
  2 19.5516 1014.58 286.542
  3 32.586 957.86 290.541
  4 45.6204 1015.07 296.24
  5 58.6548 968.08 295.5
  6 71.6892 1000.2 300.565
  7 84.7236 1018.66 301.772
  8 97.758 948.94 297.782
  9 110.792 1016.28 301.133
  10 123.827 991.23 305.957
  11 136.861 978.48 314.423
  12 149.896 1014.86 305.556
  13 162.93 957.86 301.115
  14 175.964 1014.39 298.689
  15 188.999 982.31 298.205
  16 202.033 987.39 299.944
  17 215.068 1017.97 296.877
  18 228.102 949.56 298.535
  19 241.136 1014.74 294.869
  20 254.171 994.15 290.473
20000 20 19843
  1 6.5172 999.15 274.546
  2 19.5516 1014.65 281.833
  3 32.586 957.9 283.58
  4 45.6204 1015.02 289.7
  5 58.6548 968.56 296.452
  6 71.6892 999.75 297.386
  7 84.7236 1018.86 298.85
  8 97.758 948.51 304.213
  9 110.792 1016.42 305.373
  10 123.827 989.73 308.046
  11 136.861 980 322.897
  12 149.896 1014.71 315.124
  13 162.93 958.04 305.854
  14 175.964 1014.37 302.158
  15 188.999 983.57 299.962
  16 202.033 986.09 303.193
  17 215.068 1018.09 302.194
  18 228.102 949.47 293.886
  19 241.136 1014.79 290.587
  20 254.171 995.32 288.356
30000 20 19842.999999999996
  1 6.5172 999.06 272.802
  2 19.5516 1014.63 279.47
  3 32.586 957.62 285.546
  4 45.6204 1015.27 286.769
  5 58.6548 966.18 288.319
  6 71.6892 1002.15 296.162
  7 84.7236 1018.6 301.151
  8 97.758 948.74 302.03
  9 110.792 1016.43 306.222
  10 123.827 987.84 316.322
  11 136.861 981.9 328.505
  12 149.896 1015.14 319.195
  13 162.93 957.91 307.993
  14 175.964 1014.04 309.35
  15 188.999 985.81 303.012
  16 202.033 983.96 299.353
  17 215.068 1018.1 298.523
  18 228.102 949.45 298.165
  19 241.136 1014.71 290.695
  20 254.171 995.46 284.175
40000 20 19843
  1 6.5172 996.45 275.734
  2 19.5516 1014.5 279.154
  3 32.586 957.86 283.452
  4 45.6204 1015.07 291.418
  5 58.6548 967.75 297.023
  6 71.6892 1000.58 300.376
  7 84.7236 1018.67 300.626
  8 97.758 948.65 305.622
  9 110.792 1016.41 310.679
  10 123.827 985.57 313.922
  11 136.861 984.21 323.856
  12 149.896 1015.08 317.59
  13 162.93 958.01 308.912
  14 175.964 1014.03 304.299
  15 188.999 984 301.052
  16 202.033 985.69 298.107
  17 215.068 1018.06 303.241
  18 228.102 949.55 295.007
  19 241.136 1014.76 289.142
  20 254.171 998.1 282.722
50000 20 19842.999999999996
  1 6.5172 997.65 275.467
  2 19.5516 1014.47 280.281
  3 32.586 957.81 288.024
  4 45.6204 1015.15 289.497
  5 58.6548 963.98 292.388
  6 71.6892 1004.33 296.246
  7 84.7236 1018.57 294.67
  8 97.758 948.66 304.616
  9 110.792 1016.48 307.327
  10 123.827 986.87 315.253
  11 136.861 982.97 323.173
  12 149.896 1015.22 319.635
  13 162.93 958.09 314.434
  14 175.964 1013.8 309.364
  15 188.999 986.88 306.47
  16 202.033 982.82 303.985
  17 215.068 1018.09 300.579
  18 228.102 949.71 294.327
  19 241.136 1014.48 289.145
  20 254.171 996.97 281.03
60000 20 19842.999999999996
  1 6.5172 994.71 271.638
  2 19.5516 1014.97 278.95
  3 32.586 957.68 280.93
  4 45.6204 1014.81 286.198
  5 58.6548 968.96 293.501
  6 71.6892 999.33 295.197
  7 84.7236 1018.77 298.715
  8 97.758 948.58 301.739
  9 110.792 1016.35 307.823
  10 123.827 984.97 315.055
  11 136.861 984.83 330.172
  12 149.896 1014.97 327.808
  13 162.93 958.16 316.36
  14 175.964 1013.98 309.869
  15 188.999 980.38 311.957
  16 202.033 989.33 302.388
  17 215.068 1018.15 298.37
  18 228.102 949.42 293.537
  19 241.136 1014.77 287.786
  20 254.171 999.88 279.08
70000 20 19843
  1 6.5172 998.4 269.099
  2 19.5516 1014.93 273.167
  3 32.586 957.63 284.93
  4 45.6204 1014.88 286.401
  5 58.6548 966.88 285.494
  6 71.6892 1001.55 292.427
  7 84.7236 1018.81 298.058
  8 97.758 948.07 308.288
  9 110.792 1016.84 311.878
  10 123.827 988.77 317.624
  11 136.861 980.94 328.543
  12 149.896 1015.19 325.818
  13 162.93 958.13 315.093
  14 175.964 1013.75 315.771
  15 188.999 981.61 313.025
  16 202.033 988.16 297.909
  17 215.068 1018 294.652
  18 228.102 949.28 294.744
  19 241.136 1015.04 290.382
  20 254.171 996.14 283.863
80000 20 19843.000000000004
  1 6.5172 996.61 274.611
  2 19.5516 1015.13 276.559
  3 32.586 957.61 283.442
  4 45.6204 1014.62 286.397
  5 58.6548 969.04 287.927
  6 71.6892 999.34 296.517
  7 84.7236 1018.75 301.477
  8 97.758 948.3 305.299
  9 110.792 1016.64 311.301
  10 123.827 986.87 315.234
  11 136.861 982.92 325.077
  12 149.896 1015.07 318.672
  13 162.93 958.18 321.056
  14 175.964 1013.87 315.669
  15 188.999 979.01 311.466
  16 202.033 990.75 302.087
  17 215.068 1018.05 297.267
  18 228.102 949.24 288.938
  19 241.136 1015.02 290.092
  20 254.171 997.98 284.758
90000 20 19843
  1 6.5172 997.88 271.092
  2 19.5516 1015.07 277.803
  3 32.586 957.41 290.626
  4 45.6204 1014.91 294.849
  5 58.6548 968.08 296.94
  6 71.6892 1000.24 295.099
  7 84.7236 1018.72 300.46
  8 97.758 948.33 303.729
  9 110.792 1016.75 312.643
  10 123.827 987.77 318.324
  11 136.861 981.91 326.322
  12 149.896 1015.25 323.956
  13 162.93 957.66 312.156
  14 175.964 1014.15 307.746
  15 188.999 979 305.616
  16 202.033 990.83 297.523
  17 215.068 1018.05 294.954
  18 228.102 949.26 291.488
  19 241.136 1014.99 285.236
  20 254.171 996.74 280.563
100000 20 19842.999999999996
  1 6.5172 995.64 269.938
  2 19.5516 1015.04 278.268
  3 32.586 957.59 286.883
  4 45.6204 1014.73 292.347
  5 58.6548 968.99 298.756
  6 71.6892 999.37 298.778
  7 84.7236 1018.61 303.86
  8 97.758 948.08 310.806
  9 110.792 1016.99 313.047
  10 123.827 985.63 322.276
  11 136.861 984.17 331.05
  12 149.896 1015.14 321.411
  13 162.93 958.1 315.586
  14 175.964 1013.82 306.183
  15 188.999 979.24 299.368
  16 202.033 990.52 298.046
  17 215.068 1018 293.705
  18 228.102 949.43 286.599
  19 241.136 1014.93 284.764
  20 254.171 998.98 280.088
110000 20 19842.999999999996
  1 6.5172 995.44 270.872
  2 19.5516 1015.23 277.685
  3 32.586 957.45 288.606
  4 45.6204 1014.81 292.05
  5 58.6548 968.77 294.715
  6 71.6892 999.52 298.819
  7 84.7236 1018.92 304.906
  8 97.758 947.98 313.637
  9 110.792 1016.82 313.032
  10 123.827 987.63 318.181
  11 136.861 982.17 328.797
  12 149.896 1015.12 321.765
  13 162.93 957.88 317.374
  14 175.964 1014.04 311.986
  15 188.999 978.05 307.926
  16 202.033 991.69 299.83
  17 215.068 1018.04 291.712
  18 228.102 949.1 286.273
  19 241.136 1015.25 283.401
  20 254.171 999.09 281.176
120000 20 19842.999999999996
  1 6.5172 992.58 272.866
  2 19.5516 1015.2 279.764
  3 32.586 957.51 290.447
  4 45.6204 1014.62 291.046
  5 58.6548 966.92 294.238
  6 71.6892 1001.39 302.318
  7 84.7236 1018.39 302.938
  8 97.758 948.37 307.036
  9 110.792 1016.94 312.596
  10 123.827 985.98 317.127
  11 136.861 983.87 330.053
  12 149.896 1014.98 320.931
  13 162.93 957.94 315.407
  14 175.964 1014.15 309.1
  15 188.999 979.89 304.603
  16 202.033 989.93 301.116
  17 215.068 1018.01 294.521
  18 228.102 949.35 291.499
  19 241.136 1015.1 286.109
  20 254.171 1001.88 280.048
130000 20 19843
  1 6.5172 993.8 273.034
  2 19.5516 1014.95 284.734
  3 32.586 957.86 293.014
  4 45.6204 1014.64 295.039
  5 58.6548 968.99 296.131
  6 71.6892 999.23 302.801
  7 84.7236 1018.51 303.393
  8 97.758 948.37 304.195
  9 110.792 1016.79 310.009
  10 123.827 986.97 319.759
  11 136.861 982.83 328.709
  12 149.896 1014.89 325.422
  13 162.93 957.87 312.037
  14 175.964 1014.28 306.229
  15 188.999 976.68 303.003
  16 202.033 993.07 300.584
  17 215.068 1018.03 293.853
  18 228.102 949.27 290.574
  19 241.136 1015.23 288.199
  20 254.171 1000.74 282.962
140000 20 19842.999999999996
  1 6.5172 995.56 276.677
  2 19.5516 1015.06 284.544
  3 32.586 957.38 287.477
  4 45.6204 1015.13 288.967
  5 58.6548 968.47 294.183
  6 71.6892 999.84 298.717
  7 84.7236 1018.16 305.798
  8 97.758 948.49 313.725
  9 110.792 1016.98 316.735
  10 123.827 987.47 320.86
  11 136.861 982.33 324.055
  12 149.896 1015.12 318.717
  13 162.93 957.93 316.334
  14 175.964 1013.97 312.229
  15 188.999 978.02 307.639
  16 202.033 991.78 296.317
  17 215.068 1018.02 294.631
  18 228.102 949.19 287.232
  19 241.136 1015.21 285.612
  20 254.171 998.89 284.805
150000 20 19843
  1 6.5172 993.41 271.345
  2 19.5516 1015.07 277.327
  3 32.586 957.8 281.614
  4 45.6204 1014.77 287.952
  5 58.6548 973.71 291.178
  6 71.6892 994.52 296.133
  7 84.7236 1018.84 301.545
  8 97.758 948 310.801
  9 110.792 1016.75 316.208
  10 123.827 986.53 319.286
  11 136.861 983.26 327.263
  12 149.896 1014.94 324.072
  13 162.93 957.5 323.801
  14 175.964 1014.6 311.821
  15 188.999 972.47 309.286
  16 202.033 997.27 298.77
  17 215.068 1018.03 297.176
  18 228.102 949.29 293.506
  19 241.136 1015.19 286.874
  20 254.171 1001.05 283.273
160000 20 19843.000000000004
  1 6.5172 993.88 272.377
  2 19.5516 1015.02 278.418
  3 32.586 957.65 284.507
  4 45.6204 1014.89 289.471
  5 58.6548 972.35 292.773
  6 71.6892 995.85 298.283
  7 84.7236 1018.67 303.628
  8 97.758 948.12 310.618
  9 110.792 1016.86 309.461
  10 123.827 987.37 319.487
  11 136.861 982.44 334.098
  12 149.896 1014.84 325.766
  13 162.93 957.71 318.942
  14 175.964 1014.45 314.246
  15 188.999 972.01 311.148
  16 202.033 997.69 299.633
  17 215.068 1018.05 297.664
  18 228.102 949.33 291.53
  19 241.136 1015.11 284.961
  20 254.171 1000.71 279.188
170000 20 19843.000000000004
  1 6.5172 990.44 270.601
  2 19.5516 1014.95 280.497
  3 32.586 957.63 285.521
  4 45.6204 1014.86 290.307
  5 58.6548 972.72 298.327
  6 71.6892 995.63 297.306
  7 84.7236 1018.82 303.799
  8 97.758 947.95 307.915
  9 110.792 1016.86 316.507
  10 123.827 986.2 321.614
  11 136.861 983.59 328.285
  12 149.896 1014.9 323.437
  13 162.93 957.64 317.525
  14 175.964 1014.47 316.296
  15 188.999 971.61 310.473
  16 202.033 998.13 303.138
  17 215.068 1018.05 296.4
  18 228.102 948.81 288.59
  19 241.136 1015.83 281.295
  20 254.171 1003.91 276.556
180000 20 19843
  1 6.5172 992.41 270.918
  2 19.5516 1015.16 280.281
  3 32.586 957.61 284.238
  4 45.6204 1014.7 293.103
  5 58.6548 973.02 294.969
  6 71.6892 995.32 296.331
  7 84.7236 1018.8 304.829
  8 97.758 948.02 306.694
  9 110.792 1016.75 315.986
  10 123.827 987.09 323.087
  11 136.861 982.69 327.73
  12 149.896 1014.84 323.409
  13 162.93 957.5 317.078
  14 175.964 1014.68 309.612
  15 188.999 970.66 305.663
  16 202.033 999.04 301.504
  17 215.068 1018.09 297.168
  18 228.102 948.98 289.287
  19 241.136 1015.51 288.75
  20 254.171 1002.13 281.969
190000 20 19843
  1 6.5172 992.17 277.654
  2 19.5516 1015.27 280.268
  3 32.586 957.37 285.042
  4 45.6204 1014.85 291.903
  5 58.6548 972.62 293.658
  6 71.6892 995.71 296.401
  7 84.7236 1018.92 304.419
  8 97.758 948.04 306.098
  9 110.792 1016.66 319.559
  10 123.827 986.41 329.026
  11 136.861 983.44 330.261
  12 149.896 1014.92 320.278
  13 162.93 957.57 314.506
  14 175.964 1014.54 306.546
  15 188.999 971.04 300.033
  16 202.033 998.67 294.891
  17 215.068 1018.05 294.752
  18 228.102 949.1 292.807
  19 241.136 1015.37 288.43
  20 254.171 1002.28 286.167
200000 20 19843
  1 6.5172 993.79 273.724
  2 19.5516 1015.23 281.336
  3 32.586 957.64 284.627
  4 45.6204 1014.68 294.868
  5 58.6548 972.99 295.538
  6 71.6892 995.44 298.519
  7 84.7236 1018.84 302.837
  8 97.758 948.05 312.257
  9 110.792 1016.71 317.397
  10 123.827 987.59 321.374
  11 136.861 982.16 329.906
  12 149.896 1014.79 322.337
  13 162.93 957.65 313.039
  14 175.964 1014.56 306.782
  15 188.999 969.56 303.483
  16 202.033 1000.16 296.74
  17 215.068 1018.04 293.302
  18 228.102 948.97 294.452
  19 241.136 1015.63 290.171
  20 254.171 1000.52 283.435
210000 20 19843
  1 6.5172 989.24 273.288
  2 19.5516 1015.2 283.972
  3 32.586 957.57 285.97
  4 45.6204 1014.65 291.061
  5 58.6548 971.74 294.619
  6 71.6892 996.63 300.067
  7 84.7236 1018.78 305.388
  8 97.758 948.05 303.997
  9 110.792 1016.81 313.221
  10 123.827 986.88 321.363
  11 136.861 982.92 330.268
  12 149.896 1014.98 321.534
  13 162.93 957.32 314.143
  14 175.964 1014.71 309.215
  15 188.999 969.33 300.306
  16 202.033 1000.37 295.857
  17 215.068 1018.07 295.442
  18 228.102 949.02 295.251
  19 241.136 1015.69 292.037
  20 254.171 1005.04 288.044
220000 20 19843.000000000004
  1 6.5172 993.31 275.862
  2 19.5516 1015.27 282.098
  3 32.586 957.35 283.71
  4 45.6204 1015.1 293.674
  5 58.6548 972.82 300.155
  6 71.6892 995.29 300.461
  7 84.7236 1018.59 302.641
  8 97.758 948.37 311.923
  9 110.792 1016.73 315.333
  10 123.827 989.63 317.198
  11 136.861 980.16 328.73
  12 149.896 1014.96 318.564
  13 162.93 957.54 311.91
  14 175.964 1014.52 304.539
  15 188.999 969.81 305.214
  16 202.033 999.87 298.192
  17 215.068 1018.08 293.354
  18 228.102 948.9 291.816
  19 241.136 1015.73 291.743
  20 254.171 1000.97 286.545
230000 20 19843.000000000004
  1 6.5172 994.14 272.458
  2 19.5516 1015.18 278.356
  3 32.586 957.33 283.399
  4 45.6204 1015.36 294.307
  5 58.6548 973.51 300.008
  6 71.6892 994.46 300.147
  7 84.7236 1018.81 307.098
  8 97.758 948.21 311.088
  9 110.792 1016.57 311.627
  10 123.827 989.99 314.11
  11 136.861 979.85 326.76
  12 149.896 1014.92 322.212
  13 162.93 957.66 314.302
  14 175.964 1014.44 312.163
  15 188.999 968.95 307.969
  16 202.033 1000.7 298.558
  17 215.068 1018.09 293.843
  18 228.102 948.86 290.868
  19 241.136 1015.79 289.495
  20 254.171 1000.18 282.176
240000 20 19842.999999999996
  1 6.5172 991.37 271.386
  2 19.5516 1015.17 280.61
  3 32.586 957.34 282.833
  4 45.6204 1015.3 290.31
  5 58.6548 973.94 293.058
  6 71.6892 994.07 298.727
  7 84.7236 1018.82 302.796
  8 97.758 948.08 308.863
  9 110.792 1016.72 314.841
  10 123.827 988.86 320.351
  11 136.861 980.94 328.526
  12 149.896 1014.99 322.163
  13 162.93 957.66 316.606
  14 175.964 1014.38 314.29
  15 188.999 967.91 306.576
  16 202.033 1001.8 302.03
  17 215.068 1017.87 297.413
  18 228.102 948.8 294.604
  19 241.136 1016.12 288.057
  20 254.171 1002.86 280.902
250000 20 19842.999999999996
  1 6.5172 991.89 274.78
  2 19.5516 1015.36 278.391
  3 32.586 957.25 287.586
  4 45.6204 1015.25 291.57
  5 58.6548 976.1 295.422
  6 71.6892 991.87 302.662
  7 84.7236 1018.75 301.945
  8 97.758 948.24 304.743
  9 110.792 1016.65 312.864
  10 123.827 989.39 319.833
  11 136.861 980.39 330.035
  12 149.896 1014.97 326.621
  13 162.93 957.74 313.999
  14 175.964 1014.32 308.563
  15 188.999 967.11 306.9
  16 202.033 1002.5 301.651
  17 215.068 1018.04 298.908
  18 228.102 948.64 292.781
  19 241.136 1016.03 283.142
  20 254.171 1002.51 280.61
260000 20 19843
  1 6.5172 991.81 271.833
  2 19.5516 1015.15 279.265
  3 32.586 957.43 284.659
  4 45.6204 1015.2 292.173
  5 58.6548 974.11 294.518
  6 71.6892 993.89 296.196
  7 84.7236 1018.57 300.623
  8 97.758 948.35 308.631
  9 110.792 1016.75 318.928
  10 123.827 988.73 324.627
  11 136.861 981.01 332.673
  12 149.896 1015.03 323.032
  13 162.93 957.62 318.263
  14 175.964 1014.39 311.95
  15 188.999 969.09 303.838
  16 202.033 1000.62 301.059
  17 215.068 1017.93 298.384
  18 228.102 948.7 291.496
  19 241.136 1016.07 285.057
  20 254.171 1002.55 280.822
270000 20 19843.000000000004
  1 6.5172 992.7 271.706
  2 19.5516 1015.38 278.881
  3 32.586 957.15 286.059
  4 45.6204 1015.36 290.044
  5 58.6548 975.31 295.395
  6 71.6892 992.74 298.902
  7 84.7236 1018.95 305.284
  8 97.758 948.01 312.039
  9 110.792 1016.6 317.358
  10 123.827 989.82 323.046
  11 136.861 979.95 328.718
  12 149.896 1014.96 323.752
  13 162.93 957.57 320.504
  14 175.964 1014.5 309.749
  15 188.999 966.96 301.864
  16 202.033 1002.72 296.023
  17 215.068 1018.05 297.485
  18 228.102 948.72 290.98
  19 241.136 1015.9 287.766
  20 254.171 1001.65 283.96
280000 20 19843.000000000004
  1 6.5172 993.66 273.324
  2 19.5516 1015.47 282.59
  3 32.586 957.26 286.461
  4 45.6204 1015.19 288.765
  5 58.6548 976.38 294.452
  6 71.6892 991.6 303.157
  7 84.7236 1018.78 306.227
  8 97.758 948.19 309.076
  9 110.792 1016.78 315.42
  10 123.827 988.59 323.037
  11 136.861 981.09 333.021
  12 149.896 1014.87 321.719
  13 162.93 957.57 314.419
  14 175.964 1014.58 308.514
  15 188.999 967.94 302.631
  16 202.033 1001.79 299.138
  17 215.068 1017.9 295.614
  18 228.102 948.73 289.899
  19 241.136 1015.9 286.677
  20 254.171 1000.73 284.777
290000 20 19842.999999999996
  1 6.5172 994.05 274.966
  2 19.5516 1015.34 282.638
  3 32.586 957.49 290.033
  4 45.6204 1014.97 295.8
  5 58.6548 976.03 301.12
  6 71.6892 992.12 302.362
  7 84.7236 1018.89 302.111
  8 97.758 948.03 306.74
  9 110.792 1016.61 314.44
  10 123.827 989.02 319.407
  11 136.861 980.76 324.097
  12 149.896 1014.9 319.937
  13 162.93 957.6 315.983
  14 175.964 1014.53 314.102
  15 188.999 968.2 308.896
  16 202.033 1001.47 295.725
  17 215.068 1018.03 298.957
  18 228.102 948.67 292.396
  19 241.136 1015.94 283.527
  20 254.171 1000.35 280.951
300000 20 19843.000000000004
  1 6.5172 991.91 276.201
  2 19.5516 1015.47 285.212
  3 32.586 957.39 291.653
  4 45.6204 1015.13 295.149
  5 58.6548 976.84 295.359
  6 71.6892 991.14 300.364
  7 84.7236 1018.89 304.868
  8 97.758 948.07 306.945
  9 110.792 1016.66 315.173
  10 123.827 988.45 319.611
  11 136.861 981.29 327.701
  12 149.896 1014.83 319.504
  13 162.93 957.44 314.306
  14 175.964 1014.77 308.167
  15 188.999 966.76 308.237
  16 202.033 1002.93 299.818
  17 215.068 1017.98 296.194
  18 228.102 948.64 291.888
  19 241.136 1015.99 284.779
  20 254.171 1002.42 279.13
310000 20 19843
  1 6.5172 991.38 275.449
  2 19.5516 1015.34 281.057
  3 32.586 957.59 287.22
  4 45.6204 1014.87 293.672
  5 58.6548 976.02 300.178
  6 71.6892 992.14 298.763
  7 84.7236 1018.7 303.555
  8 97.758 948.1 306.268
  9 110.792 1016.74 314.853
  10 123.827 988.64 322.901
  11 136.861 981.13 328.108
  12 149.896 1014.84 319.925
  13 162.93 957.6 309.097
  14 175.964 1014.61 307.931
  15 188.999 967.52 304.707
  16 202.033 1002.07 299.496
  17 215.068 1017.94 297.95
  18 228.102 948.71 294.247
  19 241.136 1016.09 290.076
  20 254.171 1002.97 282.514
320000 20 19842.999999999996
  1 6.5172 990.49 272.613
  2 19.5516 1015.56 278.167
  3 32.586 957.46 285.237
  4 45.6204 1014.98 294.009
  5 58.6548 978.76 297.387
  6 71.6892 989.2 301.939
  7 84.7236 1018.9 306.334
  8 97.758 947.99 313.636
  9 110.792 1016.75 315.104
  10 123.827 988.15 316.471
  11 136.861 981.57 329.191
  12 149.896 1014.84 318.855
  13 162.93 957.27 313.727
  14 175.964 1014.91 309.568
  15 188.999 965.26 304.216
  16 202.033 1004.31 299.349
  17 215.068 1017.97 297.389
  18 228.102 948.6 297.882
  19 241.136 1016.26 289.465
  20 254.171 1003.77 284.003
330000 20 19843
  1 6.5172 990.56 270.922
  2 19.5516 1015.48 281.06
  3 32.586 957.41 286.576
  4 45.6204 1015.04 294.508
  5 58.6548 977.14 295.925
  6 71.6892 990.88 301.446
  7 84.7236 1018.87 304.262
  8 97.758 948.14 314.471
  9 110.792 1016.49 315.277
  10 123.827 986.69 317.639
  11 136.861 983.15 326.789
  12 149.896 1014.85 320.126
  13 162.93 957.58 316.236
  14 175.964 1014.59 312.111
  15 188.999 966.23 305.068
  16 202.033 1003.36 299.297
  17 215.068 1018.1 295.096
  18 228.102 948.48 294.636
  19 241.136 1016.2 287.312
  20 254.171 1003.76 282.004
340000 20 19843.000000000004
  1 6.5172 991.68 272.786
  2 19.5516 1015.3 283.266
  3 32.586 957.53 288.873
  4 45.6204 1015.11 293.309
  5 58.6548 978.83 296.188
  6 71.6892 989.19 299.043
  7 84.7236 1018.95 304.35
  8 97.758 947.98 307.714
  9 110.792 1016.59 314.341
  10 123.827 988.17 320.028
  11 136.861 981.62 328.51
  12 149.896 1014.75 319.958
  13 162.93 957.41 316.445
  14 175.964 1014.87 308.609
  15 188.999 964.6 306.545
  16 202.033 1004.99 301.896
  17 215.068 1017.91 300.162
  18 228.102 948.56 295.184
  19 241.136 1016.28 286.666
  20 254.171 1002.68 282.275
350000 20 19843
  1 6.5172 991.03 275.659
  2 19.5516 1015.45 284.152
  3 32.586 957.4 287.216
  4 45.6204 1015.07 291.658
  5 58.6548 976.54 297.425
  6 71.6892 991.41 300.434
  7 84.7236 1018.97 301.311
  8 97.758 947.96 302.275
  9 110.792 1016.79 311.685
  10 123.827 988.5 319.52
  11 136.861 981.21 327.563
  12 149.896 1014.81 320.685
  13 162.93 957.44 319.023
  14 175.964 1014.79 311.991
  15 188.999 966.78 301.167
  16 202.033 1002.84 299.751
  17 215.068 1017.97 300.032
  18 228.102 948.74 295.016
  19 241.136 1015.98 287.656
  20 254.171 1003.32 286.695
360000 20 19842.999999999996
  1 6.5172 991.15 273.855
  2 19.5516 1015.43 279.658
  3 32.586 957.53 283.478
  4 45.6204 1014.99 290.676
  5 58.6548 978.38 298.564
  6 71.6892 989.71 300.293
  7 84.7236 1018.99 305.463
  8 97.758 947.96 308.361
  9 110.792 1016.47 310.17
  10 123.827 988.5 318.746
  11 136.861 981.3 326.488
  12 149.896 1014.83 324.873
  13 162.93 957.42 323.002
  14 175.964 1014.81 310.114
  15 188.999 964.97 303.323
  16 202.033 1004.64 296.645
  17 215.068 1017.9 301.144
  18 228.102 948.64 295.099
  19 241.136 1016.15 286.313
  20 254.171 1003.23 282.117
370000 20 19843.000000000004
  1 6.5172 989.9 270.688
  2 19.5516 1015.54 280.227
  3 32.586 957.55 287.495
  4 45.6204 1014.82 294.169
  5 58.6548 978.26 295.575
  6 71.6892 989.85 300.356
  7 84.7236 1018.98 304.06
  8 97.758 947.72 311.387
  9 110.792 1016.84 319.534
  10 123.827 987.14 322.648
  11 136.861 982.59 322.615
  12 149.896 1014.87 321.794
  13 162.93 957.37 313.777
  14 175.964 1014.81 305.986
  15 188.999 964.95 302.419
  16 202.033 1004.62 300.544
  17 215.068 1018.02 301.382
  18 228.102 948.64 298.852
  19 241.136 1016.08 287.602
  20 254.171 1004.45 281.792
380000 20 19843
  1 6.5172 992.52 274.82
  2 19.5516 1015.47 282.946
  3 32.586 957.37 288.312
  4 45.6204 1015.05 292.171
  5 58.6548 976.93 293.415
  6 71.6892 991.16 301.761
  7 84.7236 1018.9 307.328
  8 97.758 947.99 313.525
  9 110.792 1016.69 321.237
  10 123.827 989.66 321.173
  11 136.861 980.08 326.436
  12 149.896 1014.88 321.528
  13 162.93 957.57 309.72
  14 175.964 1014.58 305.22
  15 188.999 967.07 303.688
  16 202.033 1002.51 300.06
  17 215.068 1018.12 297.994
  18 228.102 948.37 293.634
  19 241.136 1016.25 288.717
  20 254.171 1001.83 283.586
390000 20 19843.000000000004
  1 6.5172 990.72 275.75
  2 19.5516 1015.46 279.028
  3 32.586 957.7 285.843
  4 45.6204 1014.92 291.512
  5 58.6548 978.91 298.07
  6 71.6892 989.14 298.175
  7 84.7236 1019.02 300.74
  8 97.758 947.76 307.159
  9 110.792 1016.62 312.027
  10 123.827 987.53 317.865
  11 136.861 982.27 329.556
  12 149.896 1014.8 327.527
  13 162.93 957.53 323.136
  14 175.964 1014.71 313.406
  15 188.999 965.82 309.698
  16 202.033 1003.78 302.013
  17 215.068 1017.86 297.767
  18 228.102 948.65 289.218
  19 241.136 1016.14 286.12
  20 254.171 1003.66 280.728
400000 20 19843.000000000004
  1 6.5172 991.46 271.101
  2 19.5516 1015.41 280.46
  3 32.586 957.6 288.513
  4 45.6204 1014.95 292.714
  5 58.6548 977.78 293.251
  6 71.6892 990.24 297.136
  7 84.7236 1018.92 302.347
  8 97.758 948.01 307.805
  9 110.792 1016.55 307.465
  10 123.827 988.37 316.848
  11 136.861 981.43 327.973
  12 149.896 1014.87 327.175
  13 162.93 957.56 325.213
  14 175.964 1014.62 317.45
  15 188.999 967.02 308.188
  16 202.033 1002.61 302.977
  17 215.068 1017.96 298.976
  18 228.102 948.57 293.45
  19 241.136 1016.04 284.855
  20 254.171 1003.03 275.319
410000 20 19842.999999999996
  1 6.5172 989.91 273.373
  2 19.5516 1015.48 277.432
  3 32.586 957.45 286.672
  4 45.6204 1015.02 293.17
  5 58.6548 979.43 292.433
  6 71.6892 988.57 300.982
  7 84.7236 1019.03 301.578
  8 97.758 947.81 309.378
  9 110.792 1016.72 313.713
  10 123.827 987.63 313.257
  11 136.861 982.15 327.284
  12 149.896 1014.7 324.156
  13 162.93 957.52 319.872
  14 175.964 1014.78 313.027
  15 188.999 964.49 309.44
  16 202.033 1005.18 300.383
  17 215.068 1017.87 297.557
  18 228.102 948.55 295.706
  19 241.136 1016.23 286.479
  20 254.171 1004.48 284.939
420000 20 19843.000000000004
  1 6.5172 991.65 274.571
  2 19.5516 1015.46 282.488
  3 32.586 957.59 287.926
  4 45.6204 1014.86 290.229
  5 58.6548 977.47 292.909
  6 71.6892 990.57 300.037
  7 84.7236 1019.16 298.355
  8 97.758 947.68 305.08
  9 110.792 1016.66 311.323
  10 123.827 989.19 316.691
  11 136.861 980.63 331.011
  12 149.896 1014.86 324.797
  13 162.93 957.33 318.443
  14 175.964 1014.83 311.342
  15 188.999 965.98 313.279
  16 202.033 1003.58 301.833
  17 215.068 1018 297.294
  18 228.102 948.58 288.397
  19 241.136 1016.15 290.605
  20 254.171 1002.77 288.53
430000 20 19843
  1 6.5172 990.15 274.504
  2 19.5516 1015.34 282.815
  3 32.586 957.65 286.641
  4 45.6204 1014.87 289.187
  5 58.6548 977.97 293.616
  6 71.6892 990.06 298.202
  7 84.7236 1019.04 298.796
  8 97.758 948.04 309.088
  9 110.792 1016.59 312.066
  10 123.827 988.04 319.454
  11 136.861 981.68 329.229
  12 149.896 1014.74 319.333
  13 162.93 957.44 316.787
  14 175.964 1014.84 312.427
  15 188.999 965.19 308.424
  16 202.033 1004.35 302.108
  17 215.068 1018.19 298.713
  18 228.102 948.59 292.653
  19 241.136 1015.91 291.103
  20 254.171 1004.32 287.038
440000 20 19843
  1 6.5172 989.6 277.502
  2 19.5516 1015.57 279.927
  3 32.586 957.6 283.116
  4 45.6204 1014.8 292.201
  5 58.6548 977.51 297.517
  6 71.6892 990.43 299.187
  7 84.7236 1019.29 302.66
  8 97.758 947.64 308.506
  9 110.792 1016.68 314.36
  10 123.827 988.06 317.727
  11 136.861 981.7 328.252
  12 149.896 1014.77 320.126
  13 162.93 957.46 310.275
  14 175.964 1014.81 305.158
  15 188.999 964.46 307.635
  16 202.033 1005.1 306.148
  17 215.068 1017.99 299.7
  18 228.102 948.61 297.379
  19 241.136 1016.07 291.778
  20 254.171 1004.85 283.351
450000 20 19843
  1 6.5172 992.22 275.535
  2 19.5516 1015.45 281.587
  3 32.586 957.38 283.43
  4 45.6204 1015.08 290.363
  5 58.6548 974.78 293.678
  6 71.6892 993.22 303.517
  7 84.7236 1019.17 307.131
  8 97.758 947.98 311.753
  9 110.792 1016.47 316.499
  10 123.827 990.56 315.95
  11 136.861 979.24 328.375
  12 149.896 1014.82 321.459
  13 162.93 957.54 312.819
  14 175.964 1014.65 308.407
  15 188.999 966.97 306.627
  16 202.033 1002.6 300.265
  17 215.068 1018.03 301.545
  18 228.102 948.65 297.806
  19 241.136 1015.98 285.808
  20 254.171 1002.21 280.947
460000 20 19843
  1 6.5172 991.69 275.068
  2 19.5516 1015.48 276.822
  3 32.586 957.56 288.201
  4 45.6204 1014.91 292.194
  5 58.6548 975.55 296.683
  6 71.6892 992.49 303.812
  7 84.7236 1019.31 307.551
  8 97.758 947.73 310.58
  9 110.792 1016.55 313.888
  10 123.827 990.02 318.394
  11 136.861 979.76 329.653
  12 149.896 1014.65 323.384
  13 162.93 957.69 320.416
  14 175.964 1014.7 309.166
  15 188.999 964.76 300.69
  16 202.033 1004.71 301.739
  17 215.068 1018.14 292.111
  18 228.102 948.51 292.776
  19 241.136 1016.08 289.418
  20 254.171 1002.71 284.267
470000 20 19843.000000000004
  1 6.5172 992.48 273.48
  2 19.5516 1015.36 278.15
  3 32.586 957.45 285.151
  4 45.6204 1015.07 294.345
  5 58.6548 972.67 299.909
  6 71.6892 995.3 302.041
  7 84.7236 1019.47 306.819
  8 97.758 947.75 313.083
  9 110.792 1016.47 312.817
  10 123.827 992.49 317.008
  11 136.861 977.28 328.493
  12 149.896 1014.99 322.935
  13 162.93 957.45 317.58
  14 175.964 1014.61 310.567
  15 188.999 965.72 308.411
  16 202.033 1003.82 299.384
  17 215.068 1018.04 293.791
  18 228.102 948.6 291.773
  19 241.136 1016.08 288.265
  20 254.171 1001.9 283.247
480000 20 19843
  1 6.5172 992.8 268.931
  2 19.5516 1015.45 277.804
  3 32.586 957.55 287.61
  4 45.6204 1015.01 294.955
  5 58.6548 972.8 299.513
  6 71.6892 994.9 303.406
  7 84.7236 1020 305.447
  8 97.758 947.41 304.334
  9 110.792 1016.53 309.631
  10 123.827 992.25 316.738
  11 136.861 977.47 331.596
  12 149.896 1014.8 323.664
  13 162.93 957.65 317.495
  14 175.964 1014.59 310.235
  15 188.999 965.24 303.713
  16 202.033 1004.43 304.057
  17 215.068 1017.78 298.025
  18 228.102 948.75 296.039
  19 241.136 1016.09 288.428
  20 254.171 1001.5 283.286
490000 20 19843
  1 6.5172 993.06 271.105
  2 19.5516 1015.32 279.307
  3 32.586 957.6 281.994
  4 45.6204 1015.03 292.904
  5 58.6548 971.34 297.288
  6 71.6892 996.39 301.444
  7 84.7236 1019.75 305.649
  8 97.758 947.77 311.621
  9 110.792 1016.4 315.804
  10 123.827 992.19 320.21
  11 136.861 977.56 328.874
  12 149.896 1015.02 321.268
  13 162.93 957.49 311.657
  14 175.964 1014.53 306.833
  15 188.999 966.29 309.803
  16 202.033 1003.32 299.566
  17 215.068 1018.02 299.045
  18 228.102 948.52 298.216
  19 241.136 1016.03 291.451
  20 254.171 1001.37 282.616
500000 20 19843
  1 6.5172 992.79 264.891
  2 19.5516 1015.36 275.491
  3 32.586 957.52 288.572
  4 45.6204 1015.04 291.373
  5 58.6548 970.95 296.227
  6 71.6892 996.84 300.331
  7 84.7236 1019.66 309.024
  8 97.758 947.64 315.543
  9 110.792 1016.55 321.274
  10 123.827 991.77 320.271
  11 136.861 978.02 331.435
  12 149.896 1015.09 324.549
  13 162.93 957.59 312.783
  14 175.964 1014.34 312.526
  15 188.999 967.38 306.869
  16 202.033 1002.19 301.046
  17 215.068 1018.03 295.295
  18 228.102 948.61 292.117
  19 241.136 1016.1 286.448
  20 254.171 1001.53 278.799
